104
115
72
133
119
45
94
83
133
96
103
122
80
80
95
135
81
130
77
120
54
52
76
69
82
114
90
47
127
54
142
137
64
80
93
159
127
112
93
145
136
57
71
86
45
142
73
65
98
40
158
100
96
102
153
149
144
86
154
111
111
73
85
64
154
101
112
158
104
78
144
160
132
146
115
92
99
159
43
59
61
71
75
118
156
105
116
72
56
83
78
107
98
66
120
131
144
124
120
42
97
58
120
62
51
57
123
50
88
82
96
56
160
74
119
76
127
80
154
89
118
47
93
95
47
118
49
135
69
135
71
108
46
121
120
86
66
145
148
115
106
111
59
53
104
56
88
114
55
56
